100
1944 3
1666 76
1865 1
1903 5
90 1
1976 5
1962 1
1887 5
1909 1
1911 1
1982 2
1837 1
1820 1
1801 1
1990 3
1928 1
1382 1
2000 1
1811 3
1879 1
1282 34
1884 1
1845 5
1998 5
1906 1
1967 3
1861 1
2000 1
1987 23
1882 2
1873 3
1869 39
1935 1
833 1
1979 87
1853 1
1995 1
1907 1
1914 26
1973 45
1838 1
1946 1
1866 1
1836 63
1876 3
1991 1
2000 100
1941 1
1891 3
1905 5
1473 30
1809 1
1994 1
1897 1
1960 98
1969 82
1173 1
539 68
10 2
1800 1
1940 1
1832 1
1957 1
1821 73
1829 1
1943 5
1999 1
1819 2
1983 5
550 1
1843 5
1827 1
1037 3
1917 1
1835 1
1215 1
1 1
886 1
108 1
998 2
1506 2
1834 47
1389 1
1927 3
1904 1
1804 5
1997 1
1986 1
7 1
1952 2
1951 2
1855 2
1805 2
1237 2
73 1
1938 1
1844 1
1862 63
1826 1
1923 3
