100
1798 2
1474 3
1405 1
1828 1
1306 80
1841 2
799 5
1935 1
1830 5
1914 5
1845 5
1471 1
1897 1
475 1
1887 1
1874 1
1968 87
1857 57
1852 1
1994 36
1253 2
1901 29
1934 1
1881 1
1982 1
1962 78
1913 3
1851 1
1802 1
1975 1
1953 1
1929 1
1943 2
1949 35
1867 1
1894 29
1804 2
1945 1
1820 5
1325 1
1930 3
1969 1
10 2
2000 1
1269 1
1911 2
1398 1
1809 3
1991 1
1888 41
1939 1
1197 3
1816 94
1812 1
889 2
1832 42
1980 1
814 1
1572 1
1909 1
1848 81
1891 1
185 1
1917 2
1941 1
1952 5
1972 1
1919 1
1806 1
969 2
1 1
1417 3
1967 1
7 1
1892 1
1829 1
1842 1
492 5
2000 100
69 1
1858 41
1904 1
106 5
1869 5
1984 5
974 1
1905 1
1973 3
1912 1
1958 2
1910 1
1602 6
1954 1
1854 1
1906 92
724 3
1920 3
1947 3
1880 1
1921 1
