100
87 87
7 1
1814 1
1909 1
1850 1
505 1
1996 3
1870 38
16 1
1892 1
1848 1
1921 1
1933 3
1802 1
1817 10
1908 1
1822 1
1843 5
1882 1
1865 58
1861 23
1874 1
1988 1
410 5
1966 5
1779 5
1852 3
1905 3
344 1
1978 1
1869 2
2000 1
1819 1
1827 1
1942 1
1995 2
1873 1
1844 3
233 5
1980 5
1982 3
1883 1
1958 3
1979 9
1835 1
1849 2
1877 1
1001 2
1992 3
1935 1
1845 14
1932 1
1826 1
1800 55
1042 1
1328 1
10 2
1116 1
1805 1
1946 49
1952 1
1927 91
1984 1
1945 1
1959 1
1963 3
1976 1
1825 2
1879 1
1929 3
1903 1
1936 1
1003 2
1854 1
1616 1
1914 55
1804 5
1 1
362 1
687 15
1557 74
1964 1
2000 100
1810 2
1896 2
1292 1
1960 100
1904 1
1917 5
1924 1
780 2
1831 1
1823 1
1853 1
1930 7
45 5
1888 2
1969 1
1947 1
1837 5
