100
570 1
1831 1
1352 2
1849 1
1967 1
1853 1
1898 3
1925 3
1896 1
1848 5
1879 1
1981 1
1398 1
1818 53
1922 1
1954 1
1866 52
915 27
690 1
1847 1
1639 5
1859 1
1986 5
652 2
1865 46
1887 3
2000 100
1913 1
1931 3
1877 3
1804 1
825 2
1963 3
143 1
1994 1
1862 1
1216 1
1952 1
1918 5
1 1
1892 1
1846 1
1996 2
2000 1
1863 3
1549 1
1871 2
1842 7
1924 1
1615 1
1985 1
1854 1
1997 1
462 5
1883 5
1911 5
1912 98
1910 14
1843 37
7 1
1903 1
1333 1
1932 3
1869 1
1983 1
1812 1
1920 1
1845 3
1957 51
1979 1
1813 1
1974 1
1987 2
1965 1
1933 5
1858 5
1893 80
1852 1
1948 3
1930 1
1837 5
1947 1
1964 1
1914 34
1835 45
1808 1
1855 2
1905 60
1814 84
487 1
1875 95
1817 2
1834 2
1841 1
1810 2
857 1
1882 1
395 1
10 2
1917 1
