2062
54
54
152
103
92
92
115
142
159
165
59
193
175
21
135
41
146
117
80
107
97
185
151
59
146
132
41
171
142
88
45
14
43
149
8
196
173
195
28
37
188
126
60
26
72
56
146
42
11
95
71
139
121
27
5
48
97
154
135
54
86
184
44
166
117
136
56
4
116
71
35
99
157
117
53
196
171
45
118
83
146
28
91
98
128
147
140
181
126
12
135
28
27
132
143
29
194
16
91
97
143
137
129
102
132
46
8
170
77
84
94
87
106
122
16
34
123
85
117
167
103
5
92
146
95
172
74
151
31
74
51
173
76
170
172
114
180
124
185
75
76
120
40
114
137
151
22
49
20
5
126
132
12
142
51
7
132
142
62
198
128
200
98
86
39
89
46
128
124
124
141
38
154
68
171
85
127
131
66
104
151
162
78
20
193
80
107
77
116
172
85
137
83
55
115
140
89
35
146
127
195
192
67
173
79
77
166
88
101
199
74
4
152
8
147
76
30
146
89
101
37
7
131
93
94
17
47
158
93
65
16
54
63
51
40
130
115
56
196
97
81
123
31
168
114
146
109
48
66
194
167
165
4
175
179
195
11
147
2
81
32
193
15
162
3
171
62
43
189
140
51
138
56
121
127
162
3
81
39
119
124
4
140
86
44
17
120
108
165
163
61
20
68
129
102
124
21
179
38
72
37
29
83
155
140
153
44
119
170
171
2
72
102
31
164
40
59
196
5
172
153
2
193
99
186
29
171
33
43
196
104
122
155
180
77
151
7
86
60
43
84
72
180
149
190
147
155
84
18
185
105
93
147
128
165
165
25
199
85
3
18
161
142
121
76
96
182
20
78
99
83
39
17
88
62
143
156
73
35
91
29
99
111
48
67
190
138
121
10
103
75
179
114
126
41
100
97
77
142
45
11
83
53
172
160
172
88
96
83
184
114
11
99
29
29
157
140
144
64
177
159
13
61
113
134
144
62
30
101
40
107
120
114
78
81
144
109
56
142
57
84
76
20
122
37
80
78
3
96
85
127
184
110
58
152
196
77
76
121
68
77
23
6
20
108
53
198
161
162
105
159
96
193
156
193
193
26
86
51
27
87
92
114
94
173
147
157
195
169
60
72
13
162
142
181
99
151
45
146
136
179
151
124
156
123
22
18
186
126
94
11
30
123
62
84
141
93
137
89
29
160
196
82
196
117
145
190
52
65
162
162
175
106
116
162
144
79
13
60
168
12
80
15
143
33
9
41
160
105
77
127
149
95
193
99
174
164
144
76
151
58
144
157
33
62
107
164
126
20
172
6
33
127
47
187
107
20
127
52
137
153
54
200
104
99
200
63
110
95
30
180
126
69
88
154
23
195
88
137
16
80
134
110
13
16
101
70
77
186
89
170
102
127
21
72
12
81
16
77
174
106
44
143
142
120
127
6
84
153
146
198
134
119
14
148
52
86
17
189
38
184
199
95
77
174
28
175
19
81
10
8
136
11
146
51
76
59
134
72
103
45
117
180
119
3
135
126
18
76
25
190
37
95
94
140
29
118
181
185
128
104
180
92
44
51
150
79
81
170
64
157
9
91
30
77
144
190
69
96
29
35
67
66
174
85
49
60
30
16
169
13
37
39
117
9
151
89
34
122
158
42
113
26
18
131
140
119
34
96
162
165
136
32
22
166
56
73
88
31
141
188
127
173
46
148
57
134
124
67
88
103
67
86
99
160
127
39
14
181
109
44
187
22
52
91
196
134
127
114
184
120
41
70
148
99
184
28
31
189
157
198
185
134
157
28
119
75
75
51
20
86
29
70
73
141
120
79
158
116
187
195
191
54
70
178
115
147
43
107
75
61
33
188
23
136
53
110
101
62
33
47
38
48
105
148
117
70
175
5
143
113
112
120
114
126
157
28
117
143
149
153
100
103
141
40
108
86
198
26
131
31
102
66
69
171
176
195
20
155
168
156
122
194
14
41
68
65
146
14
24
147
143
135
170
114
196
50
17
125
23
126
192
88
175
10
25
110
47
137
33
60
82
16
29
175
198
160
162
161
120
144
3
8
74
17
72
82
123
180
60
178
95
67
120
187
85
176
58
40
143
84
196
89
172
139
130
144
99
88
110
146
200
171
42
140
97
22
196
59
39
54
2
194
91
154
131
142
60
111
174
164
73
146
99
107
41
169
27
146
43
29
56
23
101
11
140
115
157
102
150
143
99
186
25
28
157
88
99
126
164
15
174
56
25
17
133
79
127
133
126
23
162
103
48
19
48
51
36
173
114
166
161
38
67
122
114
113
86
156
81
192
50
174
2
160
148
47
180
110
120
85
148
172
131
109
200
191
155
175
62
87
18
85
107
153
179
166
143
28
30
21
33
181
151
84
104
33
48
181
13
137
80
69
46
101
172
80
157
94
128
142
98
95
160
95
89
92
153
146
67
194
143
17
106
57
162
192
92
124
97
125
127
169
200
132
79
107
160
46
123
13
138
122
198
134
59
82
61
149
166
3
16
69
37
178
162
136
29
44
102
24
155
12
47
185
25
88
175
25
169
109
91
161
126
97
49
59
12
96
162
26
18
120
198
92
3
137
141
31
112
150
52
139
179
77
11
1
112
110
35
90
56
59
175
60
184
92
37
47
65
135
25
131
17
200
104
191
43
119
77
94
35
105
136
22
9
181
2
16
198
172
119
45
102
7
107
165
95
170
36
73
52
118
17
56
37
103
119
3
109
11
91
153
82
175
20
165
84
192
129
86
123
157
21
69
67
142
37
21
198
139
63
84
175
90
132
30
89
174
170
71
153
8
165
154
90
140
140
147
23
188
14
117
109
16
69
74
116
71
96
74
133
50
10
67
63
128
4
183
162
49
140
121
92
20
168
138
44
77
159
194
63
58
61
40
37
25
31
88
38
170
22
165
153
126
88
168
127
11
117
16
132
193
123
147
79
159
69
158
179
60
81
112
187
168
88
120
126
79
147
95
185
43
13
139
165
200
87
91
10
28
34
158
30
51
147
25
107
133
166
179
45
29
7
194
170
16
30
26
128
88
89
18
15
186
127
184
157
103
71
169
33
110
88
160
117
43
182
93
111
98
3
9
9
17
79
25
105
59
91
130
2
32
166
171
52
99
78
18
184
130
102
43
74
47
24
152
21
187
40
109
153
117
111
109
171
63
168
5
184
192
89
86
79
5
126
69
60
89
2
29
159
115
173
118
141
130
54
146
135
64
144
75
121
110
51
109
127
86
50
119
50
45
12
67
99
92
17
176
66
143
36
17
57
104
2
97
145
142
71
188
174
80
86
143
95
150
172
23
7
60
174
110
80
78
193
119
109
116
144
1
17
98
22
43
151
136
158
162
135
192
33
94
61
80
89
130
86
25
68
23
116
65
61
80
119
41
49
172
130
43
96
87
153
67
141
53
33
49
168
160
45
164
141
34
95
126
117
69
131
9
103
10
72
156
6
75
89
53
63
68
50
33
45
167
156
24
159
181
193
59
2
17
198
52
99
161
147
194
34
191
18
178
172
162
115
142
89
110
95
32
132
153
27
171
152
23
31
63
74
200
64
12
193
145
80
66
181
200
186
41
198
31
140
157
174
190
86
9
69
44
103
140
88
59
187
157
77
172
28
53
56
16
132
8
46
5
80
99
87
175
3
27
4
107
5
24
60
74
49
17
51
16
166
10
164
120
85
141
191
100
120
185
128
171
123
195
29
67
184
127
43
22
117
125
6
164
13
141
134
175
129
37
63
107
61
126
142
62
127
8
18
107
43
124
113
118
2
16
26
51
187
199
149
157
6
172
130
24
116
164
67
82
143
121
95
62
51
30
14
120
131
149
96
110
128
16
38
95
51
44
135
183
192
39
200
88
176
38
149
139
66
186
54
168
164
6
12
57
88
96
31
109
196
193
196
137
117
60
188
160
57
196
103
172
31
61
71
64
39
89
21
71
45
60
172
118
135
191
74
31
2
138
60
190
170
126
162
95
22
20
43
91
196
9
60
102
40
200
44
195
130
184
45
23
146
190
157
123
123
62
119
50
97
181
146
191
39
127
142
47
142
34
38
137
169
55
141
18
198
30
77
153
154
44
166
182
142
86
38
8
124
66
199
78
80
157
75
68
146
172
102
140
18
95
135
81
76
166
110
196
192
172
149
5
176
48
91
86
3
21
111
1
188
105
1
88
123
74
198
27
63
92
124
96
12
116
11
180
128
34
115
148
166
188
52
102
173
48
179
20
25
13
47
72
80
12
127
146
172
50
73
67
178
60
140
192
56
17
181
156
122
181
9
85
41
67
161
171
167
28
120
137
136
196
109
24
183
77
54
2
63
127
91
59
158
117
17
193
149
29
87
169
59
21
160
48
102
187
66
9
120
160
17
29
52
22
124
73
38
124
180
5
42
22
120
72
54
164
80
20
57
134
17
6
134
61
97
158
200
60
67
34
55
25
128
170
137
190
28
133
40
105
71
185
159
5
84
99
109
180
119
17
60
3
136
42
151
11
28
59
23
106
56
152
131
48
186
112
152
25
128
143
3
180
41
69
27
120
4
65
32
80
141
53
1
62
12
47
175
82
133
193
148
29
34
25
40
52
102
147
106
102
124
37
164
87
107
193
54
188
154
179
73
95
83
137
81
171
124
187
164
126
173
32
128
176
152
184
74
78
187
