2027
1995
28
90
1808
1156
124
714
1866
1856
136
794
87
128
108
370
311
459
1988
717
235
1486
1486
710
1697
1808
1226
161
1522
1590
48
382
530
330
1084
1079
756
1470
532
1654
32
113
1084
1482
167
1573
637
406
1194
1391
877
780
843
856
923
70
1599
1021
1942
315
113
1115
1808
1963
1699
159
265
954
905
1248
1817
451
696
463
590
1933
1815
437
71
1456
1404
1941
1224
139
1581
1707
770
1588
7
1655
1164
816
1996
1489
473
819
139
56
1730
370
360
344
714
286
423
972
465
704
1794
1309
1064
1726
1898
1157
806
82
445
7
1117
824
1935
1034
1995
1748
1688
1843
1510
1514
1960
1540
1535
1532
966
1330
411
1091
620
187
815
425
1714
526
56
147
810
1260
1794
115
144
1316
1276
521
1365
1150
565
1190
598
349
1795
1922
862
64
1718
1073
391
1654
1573
1166
1339
840
1498
279
1184
113
1550
459
113
1971
1670
72
932
388
1166
1628
948
298
1200
1457
728
1505
1963
1231
531
318
179
1087
480
732
1338
1602
889
1640
853
1973
247
1276
981
1963
1802
102
61
1746
1758
1290
1395
624
1662
1254
1846
1046
21
360
594
1550
923
240
87
91
1676
1006
1825
370
1765
52
965
529
1263
1306
613
594
951
1736
798
699
1968
1138
329
425
536
375
1523
986
44
1130
458
819
423
599
108
1228
1679
1590
1248
1123
1339
1868
196
1590
1339
30
1530
451
1588
61
1422
748
1073
353
705
1915
1204
1664
1084
749
1827
516
1855
330
1874
775
1389
1385
1035
739
129
22
1457
1748
517
881
191
1754
1736
703
181
610
51
1774
1039
1910
2000
1719
501
651
147
1198
187
662
120
590
24
489
1857
391
115
1535
1960
614
1626
558
1439
588
1933
434
73
1027
1182
1330
1468
4
714
572
1208
882
182
63
1628
1284
1640
315
1150
1205
1117
1226
1520
187
2000
266
764
1330
1697
1219
234
1438
1745
798
1973
749
684
339
1184
193
1570
63
1482
688
439
703
199
816
1431
179
22
1309
368
1136
1403
1352
1808
1633
180
1980
1780
859
697
992
1051
1802
238
1719
308
1525
173
968
733
1662
1083
1168
1570
1295
398
501
530
959
1440
156
1392
687
888
1582
279
1073
877
1059
973
1140
1516
817
301
1639
1699
780
1950
908
459
939
1830
388
610
1454
1520
1369
1300
1941
563
211
1326
1253
1166
1986
684
381
159
330
1578
379
1984
618
399
1817
1942
1573
1519
161
184
1784
4
401
1948
1530
676
1775
371
1378
52
326
908
1812
1953
1513
1033
241
1953
637
1575
159
433
1604
1153
1205
382
565
1317
1747
860
1366
1028
594
458
1935
406
1678
1515
1447
240
72
1008
1657
108
1502
1460
1890
532
1594
403
898
1842
1569
1971
940
452
1041
1719
401
1166
1915
209
613
779
1804
29
1924
738
333
1034
940
1196
1859
1625
1482
1780
1995
896
1493
1431
1101
1094
398
279
1992
921
308
1766
90
279
1524
6
462
584
439
757
642
1489
1963
739
1898
695
407
371
1059
1960
385
954
39
1964
1709
1837
1684
408
877
1254
1171
703
1922
887
1709
368
184
12
113
196
316
97
883
381
437
61
75
950
473
1153
1160
533
56
1072
1879
1712
167
456
1265
1229
136
1502
1369
1874
1385
904
75
209
1758
237
1782
161
408
1295
298
450
1254
908
183
547
1484
885
1748
411
672
1138
500
1016
1330
423
1338
1451
328
1995
1582
330
382
1973
1817
1264
1450
671
565
1637
1958
1804
44
1588
1602
728
520
1843
252
388
1184
252
1072
106
169
1775
1523
1884
136
1652
1418
211
195
480
862
1726
783
1387
1096
931
1059
1983
345
800
1729
530
399
1034
1
1808
69
1166
1874
1852
1520
1995
255
1925
1165
1224
889
1671
167
1922
691
1077
1168
749
1561
240
1671
528
262
318
867
487
1881
459
601
1505
477
1972
1599
1079
1857
1923
1994
1926
237
1636
1475
1931
672
1581
406
879
1245
806
1654
1438
1320
219
1903
137
2000
853
1457
817
1133
1486
1201
1166
371
1662
733
315
1263
883
1468
1995
877
1924
782
1980
1307
1622
1836
1622
1460
782
1902
1477
1923
1661
1746
534
1220
1740
632
104
1697
1974
477
1207
391
1253
867
1817
640
790
310
1323
1245
588
1073
28
34
91
728
1387
353
521
1363
1467
1759
1522
1339
444
1783
1094
610
300
1447
1125
189
1494
1162
1983
1095
292
1925
213
1454
24
1447
883
103
1001
1496
879
1925
1868
668
1269
1995
234
904
458
1138
1623
1311
1827
1
1884
1746
697
297
55
1501
1263
1513
1048
1229
621
817
111
1323
831
1515
1201
609
662
1561
992
1140
1599
1988
671
802
1170
1764
603
224
187
1719
1376
511
770
214
375
662
1482
782
627
355
1923
637
1316
1046
879
1624
251
1222
650
108
108
627
172
1968
1784
1963
138
615
959
29
864
1006
696
1827
91
1469
1516
1421
897
102
1005
1842
1077
445
1999
144
1575
272
1228
1521
1626
823
238
86
668
1639
1049
308
1676
1540
172
951
804
167
529
1130
44
34
1971
1532
500
770
1365
1321
1343
668
370
897
222
1209
375
950
450
1496
351
1208
1253
806
986
1772
1729
1532
552
1846
1096
311
292
517
1523
1827
359
632
22
411
1748
1594
1284
1774
75
1846
1219
345
601
1842
465
1068
124
1887
859
1910
760
353
1994
108
1922
1994
819
1062
1898
804
948
87
1825
183
860
697
1943
1229
1915
38
599
1581
1166
57
1264
733
1818
879
1709
10
1157
80
1245
812
262
1482
129
802
1599
169
329
770
128
1759
536
1510
521
291
237
204
650
1868
411
351
80
1762
1569
1524
1035
1903
518
1140
1439
1072
216
1903
1422
1842
62
1812
862
151
1736
1190
411
1749
1028
56
1524
329
1263
1502
1846
1979
1736
520
415
869
1274
425
1697
1178
1813
775
56
1923
1933
687
197
1077
1853
621
1456
287
882
62
57
590
1611
127
1513
161
739
1622
282
565
1512
1326
1748
1804
195
965
662
1505
1067
1641
23
346
399
1711
159
1973
319
1833
1714
710
1198
749
329
728
600
1133
932
38
881
311
1846
1855
359
458
1539
598
1794
292
1999
1253
844
1209
1523
321
1783
1001
530
1948
1505
1204
775
191
480
1204
136
1106
223
1913
1679
99
139
366
372
1363
1300
1498
1421
408
1641
1782
1514
425
728
1749
1021
1448
1385
425
1519
973
459
843
907
1836
1503
1449
1117
1636
1887
125
687
1133
1229
1611
459
835
800
22
1711
535
80
356
1339
1451
465
189
1363
1925
1067
1243
1532
1874
1983
1395
204
1205
1418
1001
1467
144
609
843
1878
1543
407
923
234
1856
552
1282
1827
1758
1437
1756
1913
1243
1830
431
124
1678
1008
671
1903
1699
971
1493
1942
1501
779
297
415
408
1204
1123
1922
132
1284
408
259
1856
764
1115
71
711
1707
1808
514
948
1376
1878
1766
1501
1207
708
498
1282
1268
1986
1133
1500
1745
252
287
136
1524
1890
1887
1881
1688
1553
1913
1307
415
1482
1802
1375
1774
748
1300
516
810
460
286
1182
328
298
755
1282
662
1228
1707
1951
1494
1522
618
1165
1688
840
517
1047
1048
85
329
959
1219
259
796
1808
1633
330
196
62
775
1828
1264
951
521
1048
1136
1378
1263
1243
973
184
931
452
84
1976
1038
1205
1008
816
1721
443
695
691
1827
1666
1051
1813
1333
291
904
216
1781
211
306
1418
1948
1679
826
159
1968
102
454
442
193
171
1626
1523
691
1268
23
973
840
708
1933
1923
1310
940
1637
1784
1693
279
1140
1926
1827
462
87
1529
912
755
121
251
981
1710
881
406
1040
1563
1520
961
403
668
1729
1758
1033
1546
1175
1231
1785
1514
834
1815
1604
533
1950
1496
1265
853
882
1718
1657
1598
487
977
572
1101
241
1376
783
1411
456
1295
344
885
391
329
266
1123
235
63
1375
465
1378
760
366
11
1101
51
106
1710
1516
1307
1263
1995
1058
1726
954
1852
904
1903
1199
1205
627
1550
1578
1570
204
1694
1996
732
237
770
125
794
1103
203
346
705
1545
1222
345
1106
55
897
1082
1326
1125
1726
518
613
1887
721
594
867
1506
1320
1064
602
1519
1830
355
1780
1657
1503
1754
392
1276
1622
1974
796
1016
355
1035
1391
1749
806
1260
1718
1077
860
1253
1781
104
1758
169
371
1220
491
588
1153
372
385
1
590
1422
812
38
1719
1524
748
602
1677
1523
1785
426
869
1418
329
1622
824
1016
1599
530
1941
1765
1021
1543
251
620
1392
1600
972
385
1748
318
407
64
442
1923
637
847
1896
641
572
195
136
1496
672
1766
1856
411
442
959
526
921
769
73
1699
108
1291
800
1844
12
1108
209
662
1520
1748
907
204
720
1166
125
321
326
528
511
1527
921
23
1028
1881
615
733
1736
1968
1515
610
436
972
1808
1198
1633
733
44
1523
1710
960
530
706
1995
1923
1343
1439
1628
1842
498
710
586
1426
586
1874
1945
1068
316
1091
912
1428
746
1410
590
1677
950
1602
1406
108
1510
333
69
1205
1836
12
1175
1487
51
291
1618
1756
1048
1171
1624
1077
704
987
433
590
1524
1980
881
64
214
1421
147
191
1524
757
228
39
1964
806
494
1496
32
945
565
1444
696
1226
1196
1363
1771
1021
1676
1827
1082
1822
1926
961
1480
1369
1833
1470
706
1437
800
1047
286
1581
1387
1190
1708
732
356
1496
1922
368
1006
172
329
1772
1825
730
1926
887
864
489
1569
1918
197
1666
547
609
1614
406
672
294
1505
1294
862
1926
520
530
104
36
1942
184
697
200
1178
127
1309
1762
1457
1988
1925
2001
1573
1561
1449
904
783
1512
531
1019
1108
159
104
1489
1918
444
1524
1047
1783
1794
444
1573
1450
462
452
1214
1509
1468
1285
881
423
120
619
965
905
297
460
1352
1214
683
239
1337
960
1269
458
847
266
586
824
310
1320
1963
1470
630
1856
889
1925
1027
12
1756
624
972
945
1209
879
972
1295
554
1736
328
1828
48
620
144
912
528
536
533
1935
1449
159
1404
1284
1375
22
1808
1856
514
1454
887
584
671
1550
86
1712
1694
812
1671
44
1629
401
737
1875
1500
1754
1007
1273
672
1101
1248
800
1598
1352
124
1943
124
36
1972
1008
419
1451
721
688
972
552
1844
287
1220
1199
1679
1204
120
733
1972
1208
1095
379
1637
458
834
21
563
1655
1027
138
640
1968
501
1069
1437
262
1844
1094
1457
1748
355
381
434
444
1523
321
1783
1925
1995
668
780
1229
456
471
1874
1484
1098
1418
1222
1756
344
1712
355
1553
763
881
247
1022
1482
1879
1083
156
156
1214
1844
831
804
1410
82
109
71
1343
1828
1780
1291
213
1791
1679
411
1918
1925
423
330
793
1625
423
1494
1999
266
817
1391
972
87
601
134
790
1890
1736
127
188
137
712
1067
1933
9
465
1543
532
972
52
2001
