10000 15000 296
2202 12798
9326 5674
1034 13966
4180 10820
1932 13068
8118 6882
7365 7635
7738 7262
6220 8780
3440 11560
1538 13462
7994 7006
465 14535
6387 8613
7091 7909
9953 5047
35 14965
7298 7702
4364 10636
3749 11251
9686 5314
1675 13325
5201 9799
502 14498
366 14634
417 14583
8871 6129
151 14849
6246 8754
3549 11451
6916 8084
476 14524
8645 6355
3633 11367
7175 7825
8124 6876
9059 5941
3819 11181
5664 9336
3783 11217
3585 11415
7531 7469
4748 10252
353 14647
9117 5883
1639 13361
3046 11954
4857 10143
1981 13019
5451 9549
8206 6794
8319 6681
3111 11889
4971 10029
4656 10344
9627 5373
8182 6818
8279 6721
6445 8555
9651 5349
566 14434
7869 7131
3978 11022
6624 8376
6789 8211
2835 12165
6015 8985
8992 6008
6140 8860
1417 13583
7192 7808
8331 6669
1769 13231
2683 12317
8536 6464
6444 8556
6071 8929
8024 6976
485 14515
7690 7310
713 14287
5055 9945
9719 5281
9473 5527
6449 8551
2792 12208
2763 12237
8229 6771
3719 11281
202 14798
3269 11731
8842 6158
8984 6016
3804 11196
6627 8373
8418 6582
9467 5533
5789 9211
7523 7477
4412 10588
8979 6021
9977 5023
94 14906
6287 8713
8397 6603
2118 12882
8499 6501
9198 5802
3367 11633
6982 8018
920 14080
7883 7117
5976 9024
9339 5661
9084 5916
3275 11725
8270 6730
6774 8226
7946 7054
5846 9154
6790 8210
5671 9329
26 14974
8823 6177
8850 6150
5426 9574
7507 7493
9829 5171
459 14541
3762 11238
2904 12096
9024 5976
9576 5424
2962 12038
1501 13499
9029 5971
532 14468
1155 13845
1364 13636
274 14726
7422 7578
239 14761
4608 10392
4089 10911
4402 10598
1794 13206
3025 11975
5644 9356
4757 10243
1139 13861
2744 12256
2616 12384
4182 10818
8641 6359
2755 12245
4472 10528
4825 10175
7450 7550
5276 9724
8135 6865
7763 7237
1871 13129
388 14612
5112 9888
6334 8666
5626 9374
6897 8103
3081 11919
4234 10766
1782 13218
4153 10847
8358 6642
3426 11574
9923 5077
7073 7927
342 14658
3693 11307
293 14707
6510 8490
2400 12600
579 14421
2626 12374
7302 7698
8296 6704
6991 8009
8925 6075
3615 11385
8464 6536
7387 7613
3657 11343
8584 6416
503 14497
6471 8529
9435 5565
5264 9736
6985 8015
964 14036
4893 10107
2060 12940
3476 11524
778 14222
5020 9980
1159 13841
1253 13747
5085 9915
4881 10119
2593 12407
6819 8181
9256 5744
4135 10865
2137 12863
139 14861
9187 5813
622 14378
9677 5323
3566 11434
9344 5656
7551 7449
2811 12189
8338 6662
614 14386
6193 8807
3284 11716
5685 9315
1623 13377
3372 11628
9395 5605
7094 7906
9690 5310
3181 11819
8067 6933
1711 13289
6391 8609
4851 10149
8260 6740
8189 6811
282 14718
5331 9669
6592 8408
4610 10390
297 14703
2572 12428
3291 11709
5370 9630
9230 5770
2215 12785
5556 9444
7033 7967
3491 11509
4367 10633
1580 13420
6214 8786
8973 6027
5634 9366
8755 6245
7939 7061
8725 6275
3845 11155
1071 13929
662 14338
1388 13612
2180 12820
2781 12219
2729 12271
8819 6181
3490 11510
4392 10608
5444 9556
9834 5166
8289 6711
4183 10817
6032 8968
5552 9448
5576 9424
1867 13133
4772 10228
3854 11146
9896 5104
8009 6991
2218 12782
9503 5497
9031 5969
1709 13291
5255 9745
642 14358
6662 8338
1200 13800
6230 8770
2414 12586
2049 12951
5586 9414
1880 13120
9625 5375
6194 8806
1256 13744
9352 5648
