4392 13784 312
1101 9326
517 4180
966 8118
3683 7738
3110 12923
1720 1538
3997 465
3194 7091
18 11401
3649 4364
1875 9686
838 5201
251 366
209 10643
76 6246
1775 6916
238 8645
1817 12513
3588 8124
1910 5664
1892 11090
1793 12468
3766 4748
177 6819
820 3046
2429 1981
2726 11821
4103 6916
4160 13600
1556 4971
2328 9627
4091 8279
3223 9651
283 7869
1989 12186
3312 6789
1418 6015
3070 1417
3596 10876
4166 1769
1342 8536
3222 6071
4012 12006
243 7690
357 5055
3225 10604
1396 2763
4115 3719
101 12625
1635 8842
1902 6627
4209 5634
2895 7523
2206 10801
47 6287
4199 13257
1059 8499
1684 6982
460 7883
2988 9339
1638 8270
3387 7946
2923 6790
2836 26
2713 7507
230 13183
1881 10410
1452 9024
1481 1501
2092 532
578 1364
137 7422
120 12356
2304 4089
2201 1794
1513 5644
2379 1139
1372 2616
2091 8641
1378 10759
2236 10621
2413 7450
2638 8135
3882 1871
194 5112
3167 5626
3449 13045
1541 4234
891 4153
4179 3426
3537 13387
171 3693
147 6510
1200 579
1313 7302
4148 11112
3496 8925
1808 10335
4232 7387
1829 8584
252 6471
2632 10811
3493 964
2447 2060
1738 778
2510 1159
627 5085
2441 12188
1297 6819
2068 2137
70 9187
311 9677
1783 9344
3776 2811
4169 614
3097 3284
2843 1623
1686 9395
3547 9690
1591 8067
856 10912
3196 4851
4130 8189
141 5331
3296 4610
149 2572
1646 5370
1108 5556
3517 3491
2184 11051
790 13725
3107 8973
2817 13725
4378 7939
4363 3845
536 11887
331 1388
1090 2781
1365 8819
1745 4392
2722 9834
4145 13782
2092 6032
2776 5576
934 4772
1927 9896
4005 2218
855 5255
321 6662
600 6230
1207 13575
1025 5586
940 10080
3097 1256
1833 9273
670 4371
2990 4843
4377 1873
3751 4542
883 12895
375 13563
2423 203
120 1503
3388 1886
328 3079
1964 12870
3449 2655
947 7388
1372 11156
1978 2605
843 7129
3099 13214
2409 9015
2076 11660
3908 5153
821 3402
2601 650
224 173
2422 11903
2624 7371
3206 5133
3265 1032
526 5200
3735 1825
2049 3526
3842 10844
2915 4245
1501 8874
1703 5036
1632 4037
2953 1334
2301 1465
3670 1483
2777 3727
3199 5027
337 5362
1531 5190
2481 4028
2739 1654
755 4016
1804 334
1997 6583
593 4392
581 11947
616 353
82 4765
2943 8082
3841 2527
827 8216
2688 1264
4172 10900
1420 2943
1226 2319
2620 5008
876 11622
4214 13676
2405 2070
1694 2322
261 12776
2590 13452
1683 2919
2449 7089
1294 796
2026 4139
528 11176
3660 13243
3524 9000
2050 8870
3600 8816
3714 179
3242 13702
2775 2811
2114 7960
200 12994
3414 9349
155 1022
2908 9504
1133 9725
1026 2270
2123 13582
2269 6518
3286 2821
732 3827
3982 123
1455 8663
2599 8207
3591 11248
1850 3906
2564 8112
3923 3688
3378 5521
2255 10591
1798 790
587 12505
4192 10573
3021 2613
4192 12551
1670 5109
2448 11347
2455 9050
3045 2707
3808 9742
697 2020
4211 9360
3091 2889
1277 4106
3496 3566
428 8111
3225 11750
2851 6292
4220 2701
334 8589
741 13238
2091 10297
828 4384
686 2280
672 7292
1975 6265
3547 6509
1350 5333
3590 2070
3998 3474
977 7066
4375 6689
968 10822
2421 4550
2034 6208
33 3111
4329 7189
173 505
1985 13687
2134 3386
1417 4666
1216 8886
1643 4477
2549 9597
2056 13638
3657 12962
1377 8936
2925 8042
3441 1996
1712 9348
3140 3356
2327 13281
886 13231
198 1935
109 8934
2429 11042
1119 1232
4100 6124
2550 7163
4121 11097
