11023 12345 123
2202 9326
1034 4180
1932 8118
7365 7738
10676 6220
3440 1538
7994 465
6387 7091
9953 35
7298 4364
3749 9686
1675 5201
502 366
417 10643
8871 151
6246 11248
3549 6916
476 8645
3633 7175
8124 9059
3819 5664
3783 11090
3585 7531
4748 353
6819 9117
10524 1639
3046 10312
4857 1981
5451 11821
8206 6916
8319 10983
3111 4971
4656 9627
8182 8279
6445 9651
566 7869
3978 12186
6624 6789
10892 2835
6015 8992
6140 1417
7192 10876
8331 1769
2683 8536
6444 6071
8024 12006
485 7690
713 5055
10074 9719
9473 6449
10604 2792
2763 8229
3719 202
3269 8842
8984 3804
6627 8418
5634 9467
5789 7523
4412 10801
8979 9977
94 6287
8397 2118
8499 9198
3367 6982
920 7883
5976 9339
9084 3275
8270 6774
7946 5846
6790 5671
26 8823
8850 10216
10035 5426
7507 9829
459 3762
10410 2904
9024 9576
2962 1501
9029 4183
532 11029
1155 1364
274 7422
239 4608
4089 4402
1794 10237
3025 5644
4757 1139
2744 2616
4182 8641
2755 10759
4472 10621
4825 7450
5276 8135
7763 1871
388 5112
6334 5626
6897 3081
4234 1782
4153 11963
8358 3426
9923 7073
342 3693
293 6510
2400 579
2626 7302
8296 11112
6991 8925
3615 10335
8464 7387
3657 8584
10626 503
6471 11058
9435 5264
10811 10338
6985 964
4893 2060
3476 778
5020 1159
1253 5085
4881 12188
2593 6819
9256 4135
2137 139
