1123 1321 235
276 1166
130 523
242 1015
921 968
778 430
193 1000
59 799
887 1245
5 913
546 469
210 651
63 46
53 1109
19 781
444 865
60 1081
455 897
1016 1133
478 708
473 449
942 594
45 853
205 381
608 248
682 1026
865 1040
389 622
582 1204
1023 1035
806 1207
71 984
498 828
849 355
752 1124
768 178
899 1042
222 336
1067 806
759 1003
61 962
90 632
807 349
346 1029
465 26
409 1106
1123 476
829 1053
705 1184
724 941
552 1123
12 786
1050 265
1063 1150
421 873
115 986
747 1168
410 1034
847 994
731 849
709 4
1103 1107
679 939
58 471
363 1128
371 188
523 67
145 171
35 928
30 576
512 551
225 1280
379 706
595 143
343 327
523 1081
345 559
604 932
660 1017
971 234
49 639
792 704
863 386
530 223
520 1045
429 1241
885 43
462 37
814 300
73 329
913 1037
874 1116
452 1292
1058 924
458 1073
63 809
658 1293
874 121
612 258
435 98
628 145
157 636
611 325
853 1157
517 268
18 1149
78 1210
446 1168
944 352
1043 77
775 411
711 203
422 1175
887 1212
398 1009
214 799
607 1033
1024 36
667 1254
824 577
38 322
412 672
277 695
880 437
546 198
777 1122
705 1095
993 1091
481 134
83 174
273 348
342 1103
437 549
681 1230
1037 523
754 694
697 234
597 482
1002 278
214 657
81 833
150 779
302 257
699 235
775 157
459 1160
168 547
748 606
1095 235
938 568
221 94
606 26
30 188
847 236
82 385
491 1202
863 332
237 924
343 495
326 211
892 775
1112 603
519 977
645 206
426 651
82 56
22 606
656 922
802 642
817 129
132 650
934 229
513 441
1112 961
729 531
376 1110
426 630
408 505
739 167
576 184
918 186
695 466
800 629
85 671
383 649
621 504
685 207
1115 1253
189 502
451 42
500 823
149 549
146 154
45 1302
21 596
736 1011
961 316
207 1027
672 158
1043 355
368 307
290 655
626 219
1054 1233
602 259
424 291
1118 66
648 1277
421 365
613 887
1101 324
100 507
518 132
915 881
513 1109
900 1102
929 23
811 694
352 529
995 50
854 1169
39 128
727 1188
284 1216
257 284
531 568
815 1156
822 353
183 479
996 16
364 1083
650 1026
898 1309
463 489
641 1014
981 461
