3900 10000 312
551 9326
3472 1034
1045 1932
2030 7365
1935 6220
3231 3440
385 7994
117 6387
1773 9953
3123 35
2851 7298
1091 3749
2422 1675
3693 5201
126 366
105 8871
38 6246
2812 3549
1729 476
2162 3633
3129 7175
3847 8124
2265 3819
1416 3783
2773 3585
3117 7531
1187 353
1705 9117
3778 1639
762 4857
496 5451
3669 8206
3836 6916
2080 3111
1243 4656
2407 8182
3467 8279
1612 9651
3496 566
1968 3978
3047 6624
1698 2835
1504 8992
3616 6140
355 7192
2719 8331
443 2683
2134 6444
1518 8024
3002 485
1923 713
1264 9719
2369 6449
2651 2792
691 8229
930 202
3157 3269
2211 8984
951 6627
2105 5634
3472 9467
1448 7523
3727 4412
2701 8979
2495 94
1572 8397
3315 2118
2125 9198
842 6982
3891 920
1971 5976
2335 9084
819 8270
1694 7946
3332 5846
1698 5671
7 8823
2213 5426
1877 9829
115 3762
2603 2904
2256 9576
741 1501
3271 9029
3265 4183
133 1155
341 274
1856 239
3089 4608
1023 4402
449 3025
1411 4757
285 2744
654 4182
2161 2755
2690 4472
2656 4825
1863 5276
2034 7763
468 388
1278 6334
1407 6897
3262 3081
1059 1782
1039 8358
857 9923
1769 342
924 293
1628 2400
145 2626
1826 8296
2778 6991
2232 3615
2584 8464
1847 3657
2146 503
1618 9435
3291 5264
2703 6985
241 4893
515 3476
3587 778
1255 1159
3517 1253
1272 4881
3047 2593
1705 9256
1034 2137
35 9187
3600 622
2420 3566
3690 9344
1888 2811
3392 8338
154 6193
821 5685
406 3372
2349 7094
2423 3181
2017 1711
3842 6391
1213 8260
2048 282
1333 6592
3686 4610
75 2572
823 5370
3323 9230
3206 2215
1389 7033
873 4367
2763 1580
3432 6214
3819 8973
1409 8755
1985 8725
962 1071
2972 662
347 2180
696 2729
3732 8819
873 4392
3110 5444
2459 8289
3446 4183
1508 5552
1394 1867
1193 3854
3553 9896
3193 8009
555 9503
2258 1709
1314 642
1666 1200
1558 2414
3394 2049
1397 1880
2520 9625
3203 6194
314 9352
2254 3666
2319 1340
1093 5979
3649 4843
2312 8754
3790 1873
1876 4542
442 750
3391 4846
51 239
376 6776
472 656
770 3927
3218 9615
1725 2655
474 7388
686 3956
652 1685
1783 6198
3304 8896
3725 4818
2254 4152
2915 7816
1289 1641
851 5201
163 447
44 4843
2976 9775
1312 7371
1603 5133
1633 1032
263 5200
2464 7469
457 4098
882 8896
3554 7683
2711 5830
1062 3002
2219 3406
1259 3264
1010 5906
334 4601
367 7339
371 9411
2636 5553
3854 3727
1600 5027
169 5362
766 5190
3248 9487
3660 4962
1007 5478
414 8917
2505 9487
3308 9765
378 4016
902 334
3311 3994
1646 1186
1098 9031
3554 1162
2987 1231
89 163
1192 5885
2021 7682
3534 2527
414 8216
3186 5376
316 8344
3889 2839
736 2451
580 5240
1252 1752
2906 8428
3419 9862
1203 2070
3661 3388
581 8938
3730 521
3194 5179
3363 9060
3444 3366
730 4898
1773 8807
647 796
2928 4052
1035 1056
2794 7319
3311 7048
2250 4100
2218 7200
3487 8816
1857 179
1621 5549
703 4227
1990 400
3249 6827
2338 310
256 5816
2376 2266
2432 2051
568 4246
3396 4537
1630 9242
1643 2821
2509 1463
957 7963
31 2910
2166 5198
2052 7182
3810 3699
977 5128
2028 7846
922 6755
1381 9182
2504 4510
2648 3596
198 1173
3127 8384
2644 6041
654 8383
3138 3340
1278 4895
2837 4909
3478 9050
1523 2707
2873 7615
2436 1393
3508 2020
3673 9931
2106 9360
1546 2889
