11000 1234 109
2202 1166
1034 523
1932 1015
7365 968
10676 778
3440 193
7994 59
6387 887
9953 5
7298 546
3749 1211
1675 651
502 46
417 1109
151 781
3549 865
476 1081
3633 897
8124 1133
3819 708
3783 449
7531 594
353 853
9117 205
3046 608
1981 682
8206 865
8319 389
4971 582
9627 1023
8279 806
9651 71
7869 498
6624 849
10892 355
6015 1124
6140 178
7192 1042
1769 336
8536 806
6071 1003
485 962
713 632
10074 1215
9473 807
10604 349
2763 1029
3719 26
3269 1106
8984 476
6627 1053
5634 1184
5789 941
4412 1123
9977 12
6287 1050
2118 1063
9198 421
6982 115
7883 747
9339 1136
3275 1034
6774 994
5846 849
5671 4
8823 1107
10216 679
7507 1229
459 471
10410 363
9024 1197
2962 188
9029 523
532 145
1364 35
7422 30
4608 512
4402 225
10237 379
5644 595
1139 343
2616 523
8641 345
10759 559
10621 604
7450 660
8135 971
1871 49
5112 792
5626 863
3081 530
1782 520
8358 429
9923 885
342 462
293 814
2400 73
2626 913
8296 874
8925 452
10335 1058
7387 458
8584 63
6471 1180
5264 874
964 612
2060 435
778 628
1159 157
